0 108
1 106
2 106
3 107
4 108
5 108
6 109
7 110
8 111
9 110
10 112
11 112
12 112
13 114
14 113
15 115
16 115
17 115
18 115
19 116
20 116
21 117
22 118
23 119
24 120
25 121
26 121
27 121
28 121
29 121
30 121
31 123
32 124
33 124
34 125
35 126
36 126
37 127
38 129
39 129
40 128
41 129
42 129
43 129
44 131
45 132
46 132
47 133
48 132
49 133
50 134
51 134
52 134
53 136
54 136
55 136
56 136
57 137
58 137
59 138
60 139
61 139
62 140
63 141
64 139
65 140
66 140
67 141
68 141
69 141
70 141
71 141
72 140
73 140
74 140
75 141
76 141
77 141
78 140
79 139
80 142
81 143
82 143
83 142
84 142
85 143
86 143
87 142
88 143
89 145
90 143
91 142
92 146
93 144
94 134
95 32
96 35
97 36
98 33
99 30
100 37
101 37
102 35
103 36
104 37
105 37
106 36
107 35
108 33
109 31
110 29
111 29
112 29
113 29
114 32
115 33
116 32
117 33
118 33
119 29
120 118
121 148
122 147
123 146
124 148
125 147
126 146
127 147
128 147
129 147
130 147
131 148
132 148
133 148
134 148
135 148
136 148
137 149
138 147
139 146
140 149
141 149
142 147
143 148
144 148
145 149
146 148
147 147
148 148
149 148
150 147
151 148
152 148
153 149
154 147
155 150
156 149
157 149
158 146
159 149
160 148
161 148
162 148
163 149
164 148
165 149
166 146
167 149
168 148
169 147
170 147
171 147
172 148
173 148
174 148
175 148
176 147
177 148
178 147
179 147
180 148
181 146
182 146
183 150
184 147
185 147
186 147
187 147
188 147
189 147
190 146
191 144
192 143
193 144
194 144
195 145
196 145
197 145
198 144
199 143
200 143
201 49
202 32
203 31
204 27
205 26
206 25
207 25
208 27
209 27
210 28
211 25
212 27
213 25
214 24
215 21
216 22
217 20
218 21
219 23
220 26
221 23
222 21
223 23
224 24
225 18
226 127
227 138
228 136
229 140
230 137
231 137
232 137
233 136
234 135
235 135
236 135
237 134
238 134
239 134
240 134
241 134
242 133
243 134
244 134
245 134
246 133
247 132
248 132
249 131
250 130
251 130
252 130
253 130
254 129
255 130
256 129
257 129
258 128
259 127
260 126
261 126
262 126
263 127
264 125
265 124
266 124
267 124
268 124
269 123
270 123
271 122
272 123
273 123
274 123
275 122
276 121
277 121
278 121
279 121
280 119
281 118
282 118
283 117
284 116
285 115
286 115
287 114
288 114
289 113
290 112
291 112
292 112
293 112
294 111
295 110
296 110
297 109
298 108
299 107
300 107
301 106
302 106
303 105
304 104
305 103
306 102
307 102
308 102
309 101
310 101
311 101
312 101
313 98
314 98
315 98
316 99
317 97
318 96
319 97
