0 127 127 0
1 139.448 139 0.448181
2 151.776 152 0.223526
3 163.866 164 0.13385
4 175.601 176 0.3992
5 186.867 187 0.132614
6 197.557 198 0.442581
7 207.568 208 0.432053
8 216.803 217 0.197433
9 225.172 225 0.172333
10 232.597 233 0.403366
11 239.004 239 0.0039978
12 244.333 244 0.332703
13 248.531 249 0.468582
14 251.56 252 0.440262
15 253.388 253 0.388458
16 254 254 0
17 253.388 253 0.388458
18 251.56 252 0.440262
19 248.531 249 0.468582
20 244.333 244 0.332703
21 239.004 239 0.0039978
22 232.597 233 0.403366
23 225.172 225 0.172333
24 216.803 217 0.197433
25 207.568 208 0.432053
26 197.557 198 0.442581
27 186.867 187 0.132614
28 175.601 176 0.3992
29 163.866 164 0.13385
30 151.776 152 0.223526
31 139.448 139 0.448181
32 127 127 0
33 114.552 115 0.448174
34 102.224 102 0.223526
35 90.1338 90 0.133842
36 78.3992 78 0.3992
37 67.1326 67 0.132614
38 56.4426 56 0.442581
39 46.4321 46 0.432053
40 37.1974 37 0.197437
41 28.8277 29 0.172327
42 21.4034 21 0.403358
43 14.996 15 0.00400066
44 9.6673 10 0.332701
45 5.46858 5 0.468577
46 2.44027 2 0.440269
47 0.61154 1 0.38846
48 0 0 0
49 0.61154 1 0.38846
50 2.44027 2 0.440269
51 5.46858 5 0.468577
52 9.6673 10 0.332701
53 14.996 15 0.00400066
54 21.4034 21 0.403358
55 28.8277 29 0.172327
56 37.1974 37 0.197437
57 46.4321 46 0.432053
58 56.4426 56 0.442581
59 67.1326 67 0.132614
60 78.3992 78 0.3992
61 90.1338 90 0.133842
62 102.224 102 0.223526
63 114.552 115 0.448174
64 127 127 0
65 139.448 139 0.448181
66 151.776 152 0.223526
67 163.866 164 0.13385
68 175.601 176 0.3992
69 186.867 187 0.132614
70 197.557 198 0.442581
71 207.568 208 0.432053
72 216.803 217 0.197433
73 225.172 225 0.172333
74 232.597 233 0.403366
75 239.004 239 0.0039978
76 244.333 244 0.332703
77 248.531 249 0.468582
78 251.56 252 0.440262
79 253.388 253 0.388458
80 254 254 0
81 253.388 253 0.388458
82 251.56 252 0.440262
83 248.531 249 0.468582
84 244.333 244 0.332703
85 239.004 239 0.0039978
86 232.597 233 0.403366
87 225.172 225 0.172333
88 216.803 217 0.197433
89 207.568 208 0.432053
90 197.557 198 0.442581
91 186.867 187 0.132614
92 175.601 176 0.3992
93 163.866 164 0.13385
94 151.776 152 0.223526
95 139.448 139 0.448181
96 127 127 0
97 114.552 115 0.448174
98 102.224 102 0.223526
99 90.1338 90 0.133842
100 78.3992 78 0.3992
101 67.1326 67 0.132614
102 56.4426 56 0.442581
103 46.4321 46 0.432053
104 37.1974 37 0.197437
105 28.8277 29 0.172327
106 21.4034 21 0.403358
107 14.996 15 0.00400066
108 9.6673 10 0.332701
109 5.46858 5 0.468577
110 2.44027 2 0.440269
111 0.61154 1 0.38846
112 0 0 0
113 0.61154 1 0.38846
114 2.44027 2 0.440269
115 5.46858 5 0.468577
116 9.6673 10 0.332701
117 14.996 15 0.00400066
118 21.4034 21 0.403358
119 28.8277 29 0.172327
120 37.1974 37 0.197437
121 46.4321 46 0.432053
122 56.4426 56 0.442581
123 67.1326 67 0.132614
124 78.3992 78 0.3992
125 90.1338 90 0.133842
126 102.224 102 0.223526
127 114.552 115 0.448174
128 127 127 0
129 139.448 139 0.448181
130 151.776 152 0.223526
131 163.866 164 0.13385
132 175.601 176 0.3992
133 186.867 187 0.132614
134 197.557 198 0.442581
135 207.568 208 0.432053
136 216.803 217 0.197433
137 225.172 225 0.172333
138 232.597 233 0.403366
139 239.004 239 0.0039978
140 244.333 244 0.332703
141 248.531 249 0.468582
142 251.56 252 0.440262
143 253.388 253 0.388458
144 254 254 0
145 253.388 253 0.388458
146 251.56 252 0.440262
147 248.531 249 0.468582
148 244.333 244 0.332703
149 239.004 239 0.0039978
150 232.597 233 0.403366
151 225.172 225 0.172333
152 216.803 217 0.197433
153 207.568 208 0.432053
154 197.557 198 0.442581
155 186.867 187 0.132614
156 175.601 176 0.3992
157 163.866 164 0.13385
158 151.776 152 0.223526
159 139.448 139 0.448181
160 127 127 0
161 114.552 115 0.448174
162 102.224 102 0.223526
163 90.1338 90 0.133842
164 78.3992 78 0.3992
165 67.1326 67 0.132614
166 56.4426 56 0.442581
167 46.4321 46 0.432053
168 37.1974 37 0.197437
169 28.8277 29 0.172327
170 21.4034 21 0.403358
171 14.996 15 0.00400066
172 9.6673 10 0.332701
173 5.46858 5 0.468577
174 2.44027 2 0.440269
175 0.61154 1 0.38846
176 0 0 0
177 0.61154 1 0.38846
178 2.44027 2 0.440269
179 5.46858 5 0.468577
180 9.6673 10 0.332701
181 14.996 15 0.00400066
182 21.4034 21 0.403358
183 28.8277 29 0.172327
184 37.1974 37 0.197437
185 46.4321 46 0.432053
186 56.4426 56 0.442581
187 67.1326 67 0.132614
188 78.3992 78 0.3992
189 90.1338 90 0.133842
190 102.224 102 0.223526
191 114.552 115 0.448174
192 127 127 0
193 139.448 139 0.448181
194 151.776 152 0.223526
195 163.866 164 0.13385
196 175.601 176 0.3992
197 186.867 187 0.132614
198 197.557 198 0.442581
199 207.568 208 0.432053
200 216.803 217 0.197433
201 225.172 225 0.172333
202 232.597 233 0.403366
203 239.004 239 0.0039978
204 244.333 244 0.332703
205 248.531 249 0.468582
206 251.56 252 0.440262
207 253.388 253 0.388458
208 254 254 0
209 253.388 253 0.388458
210 251.56 252 0.440262
211 248.531 249 0.468582
212 244.333 244 0.332703
213 239.004 239 0.0039978
214 232.597 233 0.403366
215 225.172 225 0.172333
216 216.803 217 0.197433
217 207.568 208 0.432053
218 197.557 198 0.442581
219 186.867 187 0.132614
220 175.601 176 0.3992
221 163.866 164 0.13385
222 151.776 152 0.223526
223 139.448 139 0.448181
224 127 127 0
225 114.552 115 0.448174
226 102.224 102 0.223526
227 90.1338 90 0.133842
228 78.3992 78 0.3992
229 67.1326 67 0.132614
230 56.4426 56 0.442581
231 46.4321 46 0.432053
232 37.1974 37 0.197437
233 28.8277 29 0.172327
234 21.4034 21 0.403358
235 14.996 15 0.00400066
236 9.6673 10 0.332701
237 5.46858 5 0.468577
238 2.44027 2 0.440269
239 0.61154 1 0.38846
240 0 0 0
241 0.61154 1 0.38846
242 2.44027 2 0.440269
243 5.46858 5 0.468577
244 9.6673 10 0.332701
245 14.996 15 0.00400066
246 21.4034 21 0.403358
247 28.8277 29 0.172327
248 37.1974 37 0.197437
249 46.4321 46 0.432053
250 56.4426 56 0.442581
251 67.1326 67 0.132614
252 78.3992 78 0.3992
253 90.1338 90 0.133842
254 102.224 102 0.223526
255 114.552 115 0.448174
